16
105
3
4
564
20
9
2
1
4
1
3
6
59
1
16
32
8
8
1
3
520
284
60
345
79
2
2
21
28
7
1
45
1
1
15
549
6
14
7
1
1
1
22
11
5023
1
21
1
501
6
149
22
3
1
2
1
20
28
5
37
3
110
2
6
10
4
1
1
2
35
1
18
18
1
2
1
53
1
1
805
1
467
11
216
2
1
20
13
9
1
9
1
1
5
3
2
1
6
2
43
9
1
4
2
1
1
1
1
120
1
1
2
37
6
24
2
2
1
2
6
21
1
7
12
1
1
1
1
1
1
2
1
9
195
4
1
6
1
1
3
2
4
1
868
21
1
1187
9
11
2
1
16
1
5
4
4
7
11
5
11
1
2
2
1
1
1
1
1
1
74
11
1
5
1
1
1422
7
36
1
3
3
433
133175
1
27
25
136
1
11
34
129
95
1
2439
587
32
6
16
15
100
7
17
2
1
310
1
2
25
2
7
1
1
1
1
40
167
13
133
69
1
3
14
1
3
2
1
64
3
52
4
4
26
1
6
4
239
8
4
1
30
13
37
1
2
4
1
5
1
25
1
64
2
33
1
39
5
1
10
1
1
2
236
1
1
1
9
3
10
10
1
12
2
12
1
1
1
1
3
5
4
35
6
147
14
95
1097
16
1
4
35
3
1
3
1
1
1
8
48
126
10
1
11
2
1
1
1
3
1
4
46
2
1
51092
9
209
11
4
1
2
179
3
1
9
171
365
162
74
2
57
179
6
27
3
5
1166
5
1
9
1
3
33
6
1
17
28
147
1
1
1
1
2
14
4
12
8
2
5
1
80112
4
1
2
2
10
2
173
33
1
4
1
38
1
5403
1
405
86
7
1
2
1
3
3
6
6
36
707
1
17
9
1
7
5
120
3
51
17
2
19
1
6
223
2
14
5
85
1
5
2
18167
10
5
4
46
1
1
4
1
19
3
7
1
10
1
17
2
1
1
75
18
157
2
4
24
1
40
1
1
2
19
405
216
1
1
2
5
2
1
48
1
14
12
31
1
11
4
154
2
5
43
12
18
9
1
297
1
4
10
15
1
1
134
18
19839
4
10
1
2
1
4
28
1
2
1407
107
262
25
1
4
5
1
1
201
1
13096
4
6
1
36
4
3
7
1
1
2
1
3
15
1
1
2
4
11521
5
147
1
1
1
2
2
1
8
48
20
5
11
9
38
162
2
1
725
1
3
2
2
1
4
1
1
4
243
3
1
1
67
4
4
1
1
1
2
1
2
5
71
36
9
4
1
1
2
4789
11
1
25
4
1
1
415
1
7
1
3
10
2
766
1
5
1
15
47
38
5
1
9
140
15
1
251
3
6
17
1
1
1
23529
2
1
9
10
12
1925
2
73
24
57
2
8
1
1
1
1
1
6
3
1
76
33
1
15
2
87
30
3
1
5
1
1
2
31
3
286
2
2
69
1
35
2
50
28
1
4
7
1
5
1
835
12
1
1
18
1
29
172
1
1
1
1
2
9
92
3
428
5
3
7
42
13
1
19
156
32
96
6
4
2
1
243
2
107
7
2
2
70
3
1
4
1
7
30
2
133
1
1
1
3
2
1
134
7
1
1
3
5
737
1
16
1
1
11
2
12
3
1
10
1
23
1
5
1
1
1
134
1
3
20
2
1
5
2
6
62
3
79
637
14
1
2
8
21
1090
43
1
5
1389
12
1
4
2
4
52
36
1
1
5
276
162
9
1
2
55
1
3
1289
1
2
1
9
5
4
1
3
125
3
9
24
1
14
45
3
350
1
55
235
2
1
1
2
86
2
7
1
15
2
1
1
4
36
1
27
1
1
7
1049
1
4
5387
7
5364
61
1
2
1
143
1
2
1
2
4
10
3
4
1
1
1
2
3430
4
17
2
18
10
8
3
1
62
45
149
18
1
3626
7208
8
12
5
1
1
1
1
1
1
30
5
1
1
4
34
41
11
875
1
32
2
1
29
1
10
2
3
1371
11
3
6
3
3
3
2
1
4
1
65
5
41
6
11
28
1
1
276
1
1
4
3
4
1
88
14
4
7
4
8
87
1
2
3
23
6
1
1
78
2
2
2
1
103
3
1
19
5
1
3
2
41
27
2
2
11
178
1
2
5
64
10
2
7
3
4
4
607
12
823
5599
1
1
133
2
5
2
1
81
41
1
1
3
13
40
157
1
5
491
1
37
13
1
11
2
4
134
12
7
1
2
2
1
8540
1
1579
1
4
3
1
31
15
2
1
8
10
2
5
3
1
1
167
1
3
371
6
4
2
1
35
4
55
1
1
8
320
18
1
5
129
1
4
12
4
18
10
87
1
1
1
6
110
49
6
2
8
7
1
1
7
72
400
1
1
1
1
4
1
1
2
1
2
3
2
1
1
1
1
1
2
2
5
4
258
3
1
2
1
655
1
1
8
1
1
53
19
9
7
1
1
1
13
190
2037
2
371
1
3
1
1
1
24
36
204
1
16
6
1
1
1
1
136429
1
2
11
10
1
23192
1
62
212
6
2
14
11
5
7
16
1
3
2
5
1
1
1
18
4
20
3
2
9
127
3
12
22
96
97
7
2
1
2
8667
10
1
612
7
8
1
218
1352
1
18
1
4
13
18603
1
6
1
1
1
31
220
5
3
15
3
9
2
1
1
1
6
2
5
1
3
1
6
4
1
5
3
1
1
20
1
1
1
3
55
2
11
71
159
196
10
15
92
37
465
1
11
16
28
16519
23
4
11
2
1
1
2
21
1
100
3
2
1
1
561
4
1
200
1
1
1
1
23
1
89
2
7
6
3
2
1
13
1
2
15
1
1666
9
4
1
2
2
1
3
1
2
9
26
2
9
1
1
3
1
1
27
14
52
24
1
1
5
2
2
6
44
1110
22
133
8
2
9
18
8
1
222
238
3
2
1
1
4
1
1
1
6
100
3
12
4
1
75
38
93
6
278
1
23
7
21
1
7
1
2
468
1
2
1
158
73
4
7
2
1
3
1
3
14
1
8
1
2
6151
8
74
2
20
1
1
8
460
2
6
1
2
6
1
5
11
3
1
411
1
10
1068
4
3
1
685
47
16
1
22
126
11
6
4
3
3
5
1
114
211
1
2
37
1
1954
560
7
1
5
2
4
853
1
1
1
27
99
5
6
1
2
1
8
118582
11429
1
4
891
5
9
2
230
46
2470
1
6
1
10
5
3
14
1
1271
2
1
288
1
1
91
307
1
1
3
8
59
5
2
1
15
6
2
3
13295
1
243
1
7
14
60
5668
5
20
38
22
5
1
1
5
10
48
3
3
1
1
1
13
1
1
1
4
22
2
2
41
1
1
1
9
5
1
55
3
71
12
12382
4
19082
83
5
2
11
17
2
2
1
3271
1
2
174
24
66
1
1
1
3
26
1
16
1
3
1
1
249
12
1
1
3
1
684
1
1
449
1
1
1
1
4
1
60
1
1284
128
12
1
2
1
8
5
237
12
12
1
262
2
1
13
1
1
1
1
1
2
154
1
1786
76
65
59
4
1
1
7
1
10
3
1
2
2
1
49
411
64
30
915
7
8
3
7
1
6
1922
16
1
12
13
3
1
62
75
5
1
5
3
1
1
25
1
2
51
3
3
10
3
79
14
112
10
2
11
6
181
1
6
307
2
3
1
4262
1
1
221
159
31
1
26
3
13
31
32
1
1
3
38
6
4
73
5
1
31
1771
1309
1
74
6626
180
22
3
5
1
63
1
10
112
317
2
3
71
68
1201
4
2
4
16
1
2
1
1
5
1
5
141
4
1
1
6
1802
1
1
2
3
2
3
4
203
1
15
50
1
13
5
4
8
1
5
13
1
1
31
1
8
2
2
106
2
7
2
4
11
20
9
12
1
1
1
125
30
1
3
10
136
106
2
126
1
5
119
2
8
7
2
1
31
7
1
3
33
530
1
1
18
594
1
2
1
1
5
375
17480
4
1
17
1
2
1
212
20
1
371
53
11
10
1
2
379
1
1
14
1
11
282
1
2
3
1
2
1
1
73
1
9
1
49
1
1
1
12
1
4
1
403
1
1
6
29
3
7
1
10
1
191
173
5
995
16
1
71
14
12
222
5
1
1
37
2
6
1
108
4
1
3
7
3
3
1
3
297
2
17
1
2
2
6
5
1
2
30
83
1
2
1
12
29
2
2
1
11200
46
1
1
1
1
34
18
4
25
4
5
10
3381
6
1
2
10
1
10
1
1
7
12
1
1
3
1
1
3
2
1
1
25
49
29
2
5
2
42
373
1
1
1
1
24
1
7
1
1
54
1
19
237
1
4896
4
7
3
3
1
3
1
1
60
1
4
3
2
1
1
205
40
3
1
503
175
3
5
6
31
5
27
20
4
20
6
43
1
1
1
10746
74
1
10
2
151
2
4
2
9
2
1
5
10
5
1
3
4
1
1
1
2
24
26
1
1
4859
3
8
1
1
2
4
4
1
2096
1
10
10
35
2
5
3
1
3
1
32
3
1
33
46
1
2
1
1
1
8
1
4
1
3421
1
1
12
152
9636
3
61
1
1
2
1
13
2
14
1
125
1
1
5
3
1
1
13
1
2
3
2
860
1
1
1
7029
11376
1
1
16
1329
5
12
2
18
5
77
13
10
146
13
2
463
51
1
1
1
20
10
2
2
1
24
1
28
6
1
1
64
19
3
8
1
2
6
6
20
11
2
1
1
1
1
1
2
1
37
14539
10
1
1
455
2
1
5
5
2
3
1
12675
2
41
2
11
26
1
5
1
3
1
1
3
20
1
7
2
1
3
6
5
86
1
9
277
28977
1
12
2
670
314
2
2
1
76
59
1
9
1
5
25
4
478
1
1
4
1
2
32
9
20
4
5
1
12
48
107
3
2
1
2
63
1
1
4
6
13
2
13
3
12
10
4
3
7
25
196
4
18
22
4
2
3
1
8
1
4
1
1
1
4
1
1
1
1
1
1
54
1
1
1
2
1
1
1608
1
255
4
3
547
1
16
1
2
1
2
1
1
2
1
3321
1
1
14
2
27
47
2
11
10
1
1
2
27
1
13
1
2676
1
2
7
7
5
5
1
1
17
2
1
15
1
14
1
6
1
173
10
2
7
2700
11
28
12
2
36
21
1
7
1
1
3
36
2
4
7
8
1
30
1
2
1
13
522
49
61
1
3
2
3
23
27
472
27
15
10
1
230
1
10
3
57
4
6668
5988
4
50
6
11
1
5
5
1
27
1
8
1
1
1
1
76
6
9
85
2
1
133
48
1
1
12
1
2
2
2
24
559
1
1
4
2
1
1
1
24
4
1
37
268
14
1
11
4
2
17
2
1
2
31
36
1
1
1
4
62
1
4
8112
9
1
4
1
10
3
1
68
2
2
6
1
8
16
1
815
8
3
17
1
15756
2837
86
20
2
2
5
1249
5
16
44
1
1
36
8635
3
7
16
2
3
1
45
43
3
1
5
1
7
622
32
4
4
7
1
685
2
169
3379
2
1529
104
5
1
4
1
4
3
51
2
1
1
9
2
6
7
1
1
2
146
1
23
2
2
27
14
31
1
1
11
44
10
1
1
12
4
1
1
4
304
1
1
346
1
2
7
1
177
144
1
1941
6
258
2
10
21
1
378
9
2
19
1
1
14
1209
1
20
1
6
4
1
1
54
112
1
65
1
1
7
116
48
1
1
1
153
100
1
1
2
1
1
2675
1
236
4
3
33
2
3
1
1
1
6
28
32
2
7
2
9
1
1
1
1
5
1
24
2
4
24
14
6
1
3
4
37
174
47
1
8
24
25
16
1
1
17
1
1
23
3
1
2
5
41
23
4
1
40
1
8
1
7
121
9
1
1
2
1
1
47
26
1528
1
2
2
2
5
1
8
2
1
1
1
1
126
1
1
1
1
1
42
52
1
14
3
17
293
1
1
1
1037
7010
2
1
8315
35
4
4
1
17
1
286
231
8
370
3
15
1
1
1
11
2
2
1
49
29
3
29
3
168
548
1
9
2
1
17
1
1
3
249
3
5
4
2
1
53
3
95
1
2
1
22
2
24
2
81
1
3
1
4
1461
2
9
4
1
44
1
1
85
41
1
138
17
73
1
3
42
11
3
3
1
1
1
10
28
30
155
5
17
197
2
3
10
2
1
7
1
3
1
1
1
1
1
2
8
24
55
2
1
91
31
1
1
7
1
1
1
1
4
5
1
3
5
11
10
5
37
6
28
4
59
1
3
3
21
7670
32
1
7
5
44
4
257
1
3
1
4
5
251
1
7
2
2
1
24
4
41
6
1
1
1
2
1
1
12
13
1
1
11
14
1
94
9
1
1
2
176
1
44
7
22988
9
32
1
1
1
47
4
3
3
2
19
3
60
1
943
526
460
45
218
537
1
4
1
369
8
17
2
9
140
18
100
1
1
148
2
1
1
1495
1
1
20
1
3
5
135
7
1
1
3
1
10
23
4
6848
130
3
17
2
2
1
2
1
2
690
2
21
62
1
34
1
23
11
4
7
1
1
8
1
1
1
2
1
4
50
45
1
1
463
6
82
2
6
1
42
1
10
2
5
5
7
8
14
1
2
1
1
12
5
43
2
16
300
17
3
1
1
9
30
7
1
1
13
1
6
1
2
4
1
5
28
4
1
293
3
1
9
1
3
2
502
3
27
1
38
1
1
10
764
29
41
1
2
1
3
1
1
1
10
3
6
2
1
5
3
4
42
2
9
5
4
1
2
2
54
4241
1
1
3
1
5
